#  lambda [mu]       Rp^2/Rstar^2Rp^2/Rstar^2 using eclipse
      0.250832     1.0580889E-002     1.0580889E-002
      0.252504     1.0579469E-002     1.0579469E-002
      0.254188     1.0578050E-002     1.0578050E-002
      0.255882     1.0576631E-002     1.0576631E-002
      0.257588     1.0575212E-002     1.0575212E-002
      0.259305     1.0573794E-002     1.0573794E-002
      0.261034     1.0572376E-002     1.0572376E-002
      0.262774     1.0570958E-002     1.0570958E-002
      0.264526     1.0569541E-002     1.0569541E-002
      0.266290     1.0568125E-002     1.0568125E-002
      0.268065     1.0566709E-002     1.0566709E-002
      0.269852     1.0565293E-002     1.0565293E-002
      0.271651     1.0563879E-002     1.0563879E-002
      0.273462     1.0562465E-002     1.0562465E-002
      0.275285     1.0561052E-002     1.0561052E-002
      0.277120     1.0559641E-002     1.0559641E-002
      0.278968     1.0558230E-002     1.0558230E-002
      0.280827     1.0556822E-002     1.0556822E-002
      0.282700     1.0555414E-002     1.0555414E-002
      0.284584     1.0554009E-002     1.0554009E-002
      0.286482     1.0552606E-002     1.0552606E-002
      0.288391     1.0551204E-002     1.0551204E-002
      0.290314     1.0549806E-002     1.0549806E-002
      0.292249     1.0548409E-002     1.0548409E-002
      0.294198     1.0547016E-002     1.0547016E-002
      0.296159     1.0545626E-002     1.0545626E-002
      0.298133     1.0544239E-002     1.0544239E-002
      0.300121     1.0542856E-002     1.0542856E-002
      0.302122     1.0541476E-002     1.0541476E-002
      0.304136     1.0540100E-002     1.0540100E-002
      0.306164     1.0538729E-002     1.0538729E-002
      0.308205     1.0537363E-002     1.0537363E-002
      0.310259     1.0536001E-002     1.0536001E-002
      0.312328     1.0534644E-002     1.0534644E-002
      0.314410     1.0533293E-002     1.0533293E-002
      0.316506     1.0531947E-002     1.0531947E-002
      0.318616     1.0530607E-002     1.0530607E-002
      0.320740     1.0529273E-002     1.0529273E-002
      0.322878     1.0527945E-002     1.0527945E-002
      0.325031     1.0526624E-002     1.0526624E-002
      0.327198     1.0525310E-002     1.0525310E-002
      0.329379     1.0524002E-002     1.0524002E-002
      0.331575     1.0522702E-002     1.0522702E-002
      0.333785     1.0521409E-002     1.0521409E-002
      0.336011     1.0520124E-002     1.0520124E-002
      0.338251     1.0518847E-002     1.0518847E-002
      0.340506     1.0517577E-002     1.0517577E-002
      0.342776     1.0516316E-002     1.0516316E-002
      0.345061     1.0515063E-002     1.0515063E-002
      0.347361     1.0513818E-002     1.0513818E-002
      0.349677     1.0512583E-002     1.0512583E-002
      0.352008     1.0511354E-002     1.0511354E-002
      0.354355     1.0510137E-002     1.0510137E-002
      0.356717     1.0508926E-002     1.0508926E-002
      0.359096     1.0507726E-002     1.0507726E-002
      0.361490     1.0506535E-002     1.0506535E-002
      0.363899     1.0505358E-002     1.0505358E-002
      0.366325     1.0504180E-002     1.0504180E-002
      0.368768     1.0503016E-002     1.0503016E-002
      0.371226     1.0501863E-002     1.0501863E-002
      0.373701     1.0500725E-002     1.0500725E-002
      0.376192     1.0499584E-002     1.0499584E-002
      0.378700     1.0498459E-002     1.0498459E-002
      0.381225     1.0497361E-002     1.0497361E-002
      0.383766     1.0496262E-002     1.0496262E-002
      0.386325     1.0495171E-002     1.0495171E-002
      0.388900     1.0494086E-002     1.0494086E-002
      0.391493     1.0493059E-002     1.0493059E-002
      0.394103     1.0491984E-002     1.0491984E-002
      0.396730     1.0490944E-002     1.0490944E-002
      0.399375     1.0490020E-002     1.0490020E-002
      0.402038     1.0488936E-002     1.0488936E-002
      0.404718     1.0488028E-002     1.0488028E-002
      0.407416     1.0487180E-002     1.0487180E-002
      0.410132     1.0486018E-002     1.0486018E-002
      0.412866     1.0485360E-002     1.0485360E-002
      0.415619     1.0484340E-002     1.0484340E-002
      0.418390     1.0484312E-002     1.0484312E-002
      0.421179     1.0483347E-002     1.0483347E-002
      0.423987     1.0481852E-002     1.0481852E-002
      0.426813     1.0482553E-002     1.0482553E-002
      0.429659     1.0481755E-002     1.0481754E-002
      0.432523     1.0483008E-002     1.0483008E-002
      0.435407     1.0481234E-002     1.0481234E-002
      0.438309     1.0478563E-002     1.0478563E-002
      0.441231     1.0480814E-002     1.0480814E-002
      0.444173     1.0482803E-002     1.0482803E-002
      0.447134     1.0485657E-002     1.0485657E-002
      0.450115     1.0480953E-002     1.0480953E-002
      0.453116     1.0479070E-002     1.0479070E-002
      0.456136     1.0475957E-002     1.0475957E-002
      0.459177     1.0488303E-002     1.0488303E-002
      0.462239     1.0490472E-002     1.0490472E-002
      0.465320     1.0485137E-002     1.0485137E-002
      0.468422     1.0484466E-002     1.0484466E-002
      0.471545     1.0476767E-002     1.0476767E-002
      0.474689     1.0480280E-002     1.0480280E-002
      0.477853     1.0507926E-002     1.0507926E-002
      0.481039     1.0495050E-002     1.0495050E-002
      0.484246     1.0488693E-002     1.0488693E-002
      0.487474     1.0481244E-002     1.0481244E-002
      0.490724     1.0473377E-002     1.0473376E-002
      0.493996     1.0472445E-002     1.0472445E-002
      0.497289     1.0503360E-002     1.0503360E-002
      0.500604     1.0497998E-002     1.0497997E-002
      0.503941     1.0488612E-002     1.0488612E-002
      0.507301     1.0480592E-002     1.0480592E-002
      0.510683     1.0469236E-002     1.0469235E-002
      0.514088     1.0463032E-002     1.0463032E-002
      0.517515     1.0500722E-002     1.0500722E-002
      0.520965     1.0482772E-002     1.0482772E-002
      0.524438     1.0498455E-002     1.0498455E-002
      0.527934     1.0479201E-002     1.0479200E-002
      0.531454     1.0470549E-002     1.0470549E-002
      0.534997     1.0467965E-002     1.0467965E-002
      0.538564     1.0464452E-002     1.0464452E-002
      0.542154     1.0461345E-002     1.0461345E-002
      0.545768     1.0492743E-002     1.0492742E-002
      0.549407     1.0493429E-002     1.0493429E-002
      0.553070     1.0478504E-002     1.0478503E-002
      0.556757     1.0474932E-002     1.0474932E-002
      0.560468     1.0484147E-002     1.0484146E-002
      0.564205     1.0484975E-002     1.0484975E-002
      0.567966     1.0479525E-002     1.0479524E-002
      0.571753     1.0468805E-002     1.0468804E-002
      0.575564     1.0492292E-002     1.0492291E-002
      0.579401     1.0473082E-002     1.0473081E-002
      0.583264     1.0483939E-002     1.0483939E-002
      0.587153     1.0505576E-002     1.0505575E-002
      0.591067     1.0513096E-002     1.0513095E-002
      0.595007     1.0503948E-002     1.0503948E-002
      0.598974     1.0480000E-002     1.0479999E-002
      0.602967     1.0466734E-002     1.0466733E-002
      0.606987     1.0461199E-002     1.0461198E-002
      0.611034     1.0472213E-002     1.0472212E-002
      0.615107     1.0495224E-002     1.0495224E-002
      0.619208     1.0516226E-002     1.0516225E-002
      0.623336     1.0512491E-002     1.0512490E-002
      0.627491     1.0488582E-002     1.0488581E-002
      0.631675     1.0482141E-002     1.0482139E-002
      0.635886     1.0469488E-002     1.0469487E-002
      0.640125     1.0461715E-002     1.0461714E-002
      0.644393     1.0460132E-002     1.0460131E-002
      0.648689     1.0453325E-002     1.0453323E-002
      0.653013     1.0451431E-002     1.0451429E-002
      0.657367     1.0465228E-002     1.0465226E-002
      0.661749     1.0469638E-002     1.0469636E-002
      0.666161     1.0486249E-002     1.0486247E-002
      0.670602     1.0493216E-002     1.0493213E-002
      0.675072     1.0483541E-002     1.0483538E-002
      0.679573     1.0469650E-002     1.0469647E-002
      0.684103     1.0458693E-002     1.0458690E-002
      0.688664     1.0450255E-002     1.0450251E-002
      0.693255     1.0452862E-002     1.0452858E-002
      0.697877     1.0455061E-002     1.0455057E-002
      0.702529     1.0452243E-002     1.0452239E-002
      0.707213     1.0484820E-002     1.0484816E-002
      0.711928     1.0488970E-002     1.0488965E-002
      0.716674     1.0482022E-002     1.0482017E-002
      0.721452     1.0462540E-002     1.0462535E-002
      0.726261     1.0443765E-002     1.0443759E-002
      0.731103     1.0434360E-002     1.0434354E-002
      0.735977     1.0439276E-002     1.0439270E-002
      0.740884     1.0462425E-002     1.0462418E-002
      0.745823     1.0465126E-002     1.0465119E-002
      0.750795     1.0454351E-002     1.0454343E-002
      0.755800     1.0441692E-002     1.0441684E-002
      0.760839     1.0450541E-002     1.0450532E-002
      0.765911     1.0448134E-002     1.0448124E-002
      0.771017     1.0448585E-002     1.0448575E-002
      0.776157     1.0441635E-002     1.0441624E-002
      0.781332     1.0436423E-002     1.0436412E-002
      0.786541     1.0455221E-002     1.0455209E-002
      0.791784     1.0471951E-002     1.0471939E-002
      0.797063     1.0479176E-002     1.0479164E-002
      0.802377     1.0456246E-002     1.0456232E-002
      0.807726     1.0440855E-002     1.0440840E-002
      0.813111     1.0430192E-002     1.0430177E-002
      0.818531     1.0426207E-002     1.0426191E-002
      0.823988     1.0427299E-002     1.0427282E-002
      0.829482     1.0426495E-002     1.0426477E-002
      0.835011     1.0425672E-002     1.0425653E-002
      0.840578     1.0427886E-002     1.0427866E-002
      0.846182     1.0455401E-002     1.0455379E-002
      0.851823     1.0444619E-002     1.0444596E-002
      0.857502     1.0437261E-002     1.0437238E-002
      0.863219     1.0436177E-002     1.0436153E-002
      0.868974     1.0433122E-002     1.0433097E-002
      0.874767     1.0429179E-002     1.0429153E-002
      0.880598     1.0423801E-002     1.0423774E-002
      0.886469     1.0429777E-002     1.0429748E-002
      0.892379     1.0429371E-002     1.0429340E-002
      0.898328     1.0425758E-002     1.0425726E-002
      0.904317     1.0422277E-002     1.0422243E-002
      0.910346     1.0422020E-002     1.0421984E-002
      0.916415     1.0422289E-002     1.0422251E-002
      0.922524     1.0424144E-002     1.0424105E-002
      0.928674     1.0439111E-002     1.0439070E-002
      0.934865     1.0435327E-002     1.0435284E-002
      0.941098     1.0429595E-002     1.0429549E-002
      0.947372     1.0432275E-002     1.0432227E-002
      0.953688     1.0431934E-002     1.0431885E-002
      0.960046     1.0437511E-002     1.0437459E-002
      0.966446     1.0432899E-002     1.0432845E-002
      0.972889     1.0430325E-002     1.0430269E-002
      0.979375     1.0428716E-002     1.0428657E-002
      0.985904     1.0424807E-002     1.0424746E-002
      0.992477     1.0423081E-002     1.0423017E-002
      0.999093     1.0420503E-002     1.0420437E-002
      1.005754     1.0418961E-002     1.0418893E-002
      1.012459     1.0418064E-002     1.0417993E-002
      1.019209     1.0417474E-002     1.0417401E-002
      1.026003     1.0416827E-002     1.0416750E-002
      1.032843     1.0416460E-002     1.0416380E-002
      1.039729     1.0416401E-002     1.0416318E-002
      1.046660     1.0423467E-002     1.0423380E-002
      1.053638     1.0426926E-002     1.0426835E-002
      1.060662     1.0425691E-002     1.0425596E-002
      1.067734     1.0423068E-002     1.0422969E-002
      1.074852     1.0419925E-002     1.0419822E-002
      1.082017     1.0418001E-002     1.0417894E-002
      1.089231     1.0419547E-002     1.0419435E-002
      1.096492     1.0425173E-002     1.0425054E-002
      1.103802     1.0433225E-002     1.0433101E-002
      1.111161     1.0433590E-002     1.0433459E-002
      1.118569     1.0436359E-002     1.0436224E-002
      1.126026     1.0433279E-002     1.0433139E-002
      1.133533     1.0435831E-002     1.0435683E-002
      1.141090     1.0436459E-002     1.0436306E-002
      1.148697     1.0436436E-002     1.0436278E-002
      1.156355     1.0434955E-002     1.0434789E-002
      1.164064     1.0437053E-002     1.0436882E-002
      1.171824     1.0432990E-002     1.0432810E-002
      1.179637     1.0430754E-002     1.0430569E-002
      1.187501     1.0425497E-002     1.0425306E-002
      1.195417     1.0422724E-002     1.0422526E-002
      1.203387     1.0420843E-002     1.0420639E-002
      1.211409     1.0418820E-002     1.0418611E-002
      1.219486     1.0418446E-002     1.0418230E-002
      1.227615     1.0417179E-002     1.0416955E-002
      1.235800     1.0416382E-002     1.0416151E-002
      1.244038     1.0415656E-002     1.0415417E-002
      1.252332     1.0415379E-002     1.0415133E-002
      1.260681     1.0415515E-002     1.0415260E-002
      1.269085     1.0416238E-002     1.0415974E-002
      1.277546     1.0417634E-002     1.0417361E-002
      1.286063     1.0420384E-002     1.0420100E-002
      1.294637     1.0420096E-002     1.0419803E-002
      1.303267     1.0418762E-002     1.0418458E-002
      1.311956     1.0421128E-002     1.0420813E-002
      1.320702     1.0424844E-002     1.0424512E-002
      1.329507     1.0449449E-002     1.0449079E-002
      1.338370     1.0467669E-002     1.0467282E-002
      1.347293     1.0495514E-002     1.0495142E-002
      1.356275     1.0489848E-002     1.0489457E-002
      1.365317     1.0473968E-002     1.0473573E-002
      1.374419     1.0478872E-002     1.0478428E-002
      1.383581     1.0480110E-002     1.0479679E-002
      1.392805     1.0472321E-002     1.0471864E-002
      1.402091     1.0481423E-002     1.0480944E-002
      1.411438     1.0492815E-002     1.0492329E-002
      1.420848     1.0485747E-002     1.0485241E-002
      1.430320     1.0480533E-002     1.0480002E-002
      1.439855     1.0483652E-002     1.0483087E-002
      1.449454     1.0466493E-002     1.0465951E-002
      1.459117     1.0460301E-002     1.0459716E-002
      1.468845     1.0474347E-002     1.0473747E-002
      1.478637     1.0459805E-002     1.0459183E-002
      1.488495     1.0455332E-002     1.0454686E-002
      1.498418     1.0454089E-002     1.0453413E-002
      1.508407     1.0450974E-002     1.0450288E-002
      1.518464     1.0446368E-002     1.0445676E-002
      1.528587     1.0440482E-002     1.0439780E-002
      1.538777     1.0437817E-002     1.0437095E-002
      1.549036     1.0428484E-002     1.0427745E-002
      1.559363     1.0429850E-002     1.0429105E-002
      1.569758     1.0426623E-002     1.0425867E-002
      1.580223     1.0422598E-002     1.0421826E-002
      1.590758     1.0423282E-002     1.0422496E-002
      1.601363     1.0421811E-002     1.0421006E-002
      1.612039     1.0420109E-002     1.0419284E-002
      1.622786     1.0419523E-002     1.0418679E-002
      1.633605     1.0419547E-002     1.0418681E-002
      1.644495     1.0419486E-002     1.0418595E-002
      1.655459     1.0420556E-002     1.0419641E-002
      1.666495     1.0421392E-002     1.0420450E-002
      1.677605     1.0422023E-002     1.0421052E-002
      1.688789     1.0420845E-002     1.0419832E-002
      1.700048     1.0422982E-002     1.0421926E-002
      1.711381     1.0426337E-002     1.0425214E-002
      1.722790     1.0436067E-002     1.0434888E-002
      1.734276     1.0442810E-002     1.0441585E-002
      1.745838     1.0454204E-002     1.0452930E-002
      1.757476     1.0448039E-002     1.0446713E-002
      1.769193     1.0461165E-002     1.0459817E-002
      1.780988     1.0481193E-002     1.0479817E-002
      1.792861     1.0475314E-002     1.0473891E-002
      1.804813     1.0471906E-002     1.0470505E-002
      1.816845     1.0485030E-002     1.0483524E-002
      1.828958     1.0485570E-002     1.0484028E-002
      1.841151     1.0493113E-002     1.0491506E-002
      1.853425     1.0486635E-002     1.0484928E-002
      1.865781     1.0498249E-002     1.0496532E-002
      1.878220     1.0488014E-002     1.0486180E-002
      1.890741     1.0482124E-002     1.0480269E-002
      1.903346     1.0483878E-002     1.0481999E-002
      1.916035     1.0483783E-002     1.0481841E-002
      1.928809     1.0481019E-002     1.0479017E-002
      1.941667     1.0481851E-002     1.0479829E-002
      1.954612     1.0487347E-002     1.0485269E-002
      1.967643     1.0480640E-002     1.0478498E-002
      1.980760     1.0476919E-002     1.0474674E-002
      1.993965     1.0482315E-002     1.0480037E-002
      2.007258     1.0470270E-002     1.0467820E-002
      2.020640     1.0464860E-002     1.0462371E-002
      2.034111     1.0472194E-002     1.0469637E-002
      2.047672     1.0454273E-002     1.0451705E-002
      2.061323     1.0453355E-002     1.0450667E-002
      2.075065     1.0452885E-002     1.0450161E-002
      2.088899     1.0450146E-002     1.0447348E-002
      2.102825     1.0449260E-002     1.0446413E-002
      2.116844     1.0447718E-002     1.0444807E-002
      2.130956     1.0447593E-002     1.0444597E-002
      2.145162     1.0445963E-002     1.0442889E-002
      2.159463     1.0447899E-002     1.0444748E-002
      2.173860     1.0449852E-002     1.0446614E-002
      2.188352     1.0451769E-002     1.0448433E-002
      2.202941     1.0453455E-002     1.0450030E-002
      2.217627     1.0454840E-002     1.0451297E-002
      2.232412     1.0457469E-002     1.0453850E-002
      2.247294     1.0458839E-002     1.0455121E-002
      2.262276     1.0462202E-002     1.0458383E-002
      2.277358     1.0464458E-002     1.0460534E-002
      2.292541     1.0476395E-002     1.0472454E-002
      2.307824     1.0484521E-002     1.0480519E-002
      2.323210     1.0503367E-002     1.0499356E-002
      2.338698     1.0494411E-002     1.0490222E-002
      2.354289     1.0490988E-002     1.0486662E-002
      2.369984     1.0505544E-002     1.0501235E-002
      2.385784     1.0496138E-002     1.0491648E-002
      2.401689     1.0506146E-002     1.0501742E-002
      2.417701     1.0500757E-002     1.0496081E-002
      2.433819     1.0508019E-002     1.0503380E-002
      2.450044     1.0505842E-002     1.0501021E-002
      2.466378     1.0518629E-002     1.0513919E-002
      2.482820     1.0522622E-002     1.0517726E-002
      2.499372     1.0525742E-002     1.0520943E-002
      2.516035     1.0532294E-002     1.0527417E-002
      2.532809     1.0546410E-002     1.0541573E-002
      2.549694     1.0541667E-002     1.0536814E-002
      2.566692     1.0527197E-002     1.0522034E-002
      2.583803     1.0542424E-002     1.0537306E-002
      2.601029     1.0524452E-002     1.0519030E-002
      2.618369     1.0518429E-002     1.0512792E-002
      2.635824     1.0533891E-002     1.0528496E-002
      2.653397     1.0534059E-002     1.0528438E-002
      2.671086     1.0535121E-002     1.0529584E-002
      2.688893     1.0542173E-002     1.0536578E-002
      2.706819     1.0534154E-002     1.0528306E-002
      2.724865     1.0532529E-002     1.0526514E-002
      2.743030     1.0537426E-002     1.0531536E-002
      2.761317     1.0524999E-002     1.0518817E-002
      2.779726     1.0540033E-002     1.0533885E-002
      2.798258     1.0543188E-002     1.0536997E-002
      2.816913     1.0522393E-002     1.0516043E-002
      2.835692     1.0522391E-002     1.0515814E-002
      2.854597     1.0530325E-002     1.0523426E-002
      2.873627     1.0520965E-002     1.0513927E-002
      2.892785     1.0543185E-002     1.0536221E-002
      2.912070     1.0532543E-002     1.0525486E-002
      2.931484     1.0538129E-002     1.0531275E-002
      2.951027     1.0533862E-002     1.0526216E-002
      2.970701     1.0516715E-002     1.0509067E-002
      2.990505     1.0526974E-002     1.0519139E-002
      3.010442     1.0523396E-002     1.0515425E-002
      3.030512     1.0503103E-002     1.0494647E-002
      3.050715     1.0502235E-002     1.0493599E-002
      3.071053     1.0499249E-002     1.0490440E-002
      3.091527     1.0503816E-002     1.0494921E-002
      3.112137     1.0501353E-002     1.0492060E-002
      3.132884     1.0501272E-002     1.0491873E-002
      3.153770     1.0511433E-002     1.0502134E-002
      3.174796     1.0506003E-002     1.0496380E-002
      3.195961     1.0504586E-002     1.0494841E-002
      3.217267     1.0499710E-002     1.0489698E-002
      3.238716     1.0492945E-002     1.0482640E-002
      3.260307     1.0477225E-002     1.0466965E-002
      3.282043     1.0493084E-002     1.0482800E-002
      3.303923     1.0517830E-002     1.0507485E-002
      3.325949     1.0523830E-002     1.0513050E-002
      3.348122     1.0513217E-002     1.0502255E-002
      3.370443     1.0492030E-002     1.0481193E-002
      3.392912     1.0485212E-002     1.0474179E-002
      3.415532     1.0484874E-002     1.0473732E-002
      3.438302     1.0483456E-002     1.0472125E-002
      3.461224     1.0476885E-002     1.0465401E-002
      3.484299     1.0480658E-002     1.0468939E-002
      3.507527     1.0472137E-002     1.0460282E-002
      3.530911     1.0468378E-002     1.0456308E-002
      3.554450     1.0465626E-002     1.0453509E-002
      3.578147     1.0462883E-002     1.0450685E-002
      3.602001     1.0448998E-002     1.0436723E-002
      3.626014     1.0450911E-002     1.0438540E-002
      3.650188     1.0447727E-002     1.0435337E-002
      3.674522     1.0443815E-002     1.0431326E-002
      3.699019     1.0435759E-002     1.0423300E-002
      3.723679     1.0434287E-002     1.0421677E-002
      3.748504     1.0431707E-002     1.0419024E-002
      3.773494     1.0426473E-002     1.0413731E-002
      3.798651     1.0426669E-002     1.0413838E-002
      3.823975     1.0426836E-002     1.0413789E-002
      3.849468     1.0425688E-002     1.0412502E-002
      3.875131     1.0423111E-002     1.0409751E-002
      3.900965     1.0422564E-002     1.0409002E-002
      3.926972     1.0422984E-002     1.0409182E-002
      3.953152     1.0424770E-002     1.0410587E-002
      3.979506     1.0427027E-002     1.0412577E-002
      4.006036     1.0431855E-002     1.0417111E-002
      4.032743     1.0436565E-002     1.0421412E-002
      4.059628     1.0442506E-002     1.0426882E-002
      4.086692     1.0442324E-002     1.0426698E-002
      4.113937     1.0441605E-002     1.0425465E-002
      4.141363     1.0455963E-002     1.0439614E-002
      4.168972     1.0455036E-002     1.0438143E-002
      4.196765     1.0468163E-002     1.0451363E-002
      4.224744     1.0476738E-002     1.0459653E-002
      4.252909     1.0484983E-002     1.0467597E-002
      4.281261     1.0475917E-002     1.0458208E-002
      4.309803     1.0488714E-002     1.0470740E-002
      4.338535     1.0497766E-002     1.0479777E-002
      4.367459     1.0514675E-002     1.0496671E-002
      4.396575     1.0525988E-002     1.0508176E-002
      4.425885     1.0540804E-002     1.0523327E-002
      4.455391     1.0538957E-002     1.0521050E-002
      4.485094     1.0535253E-002     1.0517049E-002
      4.514995     1.0591963E-002     1.0575986E-002
      4.545095     1.0551386E-002     1.0533343E-002
      4.575395     1.0566238E-002     1.0548627E-002
      4.605898     1.0548204E-002     1.0529988E-002
      4.636604     1.0540565E-002     1.0521876E-002
      4.667515     1.0544802E-002     1.0525394E-002
      4.698631     1.0549997E-002     1.0531175E-002
      4.729955     1.0586554E-002     1.0568954E-002
      4.761489     1.0551048E-002     1.0531716E-002
      4.793232     1.0571515E-002     1.0553251E-002
      4.825187     1.0560816E-002     1.0541718E-002
      4.857355     1.0552886E-002     1.0533524E-002
      4.889737     1.0553484E-002     1.0534044E-002
      4.922335     1.0574767E-002     1.0556039E-002
      4.955151     1.0554006E-002     1.0534151E-002
      4.988185     1.0547867E-002     1.0528173E-002
      5.021440     1.0555839E-002     1.0535935E-002
      5.054916     1.0549435E-002     1.0529073E-002
      5.088615     1.0547164E-002     1.0526559E-002
      5.122539     1.0556485E-002     1.0536476E-002
      5.156690     1.0538266E-002     1.0517095E-002
      5.191068     1.0560143E-002     1.0539375E-002
      5.225675     1.0533691E-002     1.0511918E-002
      5.260513     1.0529620E-002     1.0507100E-002
      5.295583     1.0537982E-002     1.0515904E-002
      5.330887     1.0534456E-002     1.0511892E-002
      5.366426     1.0521342E-002     1.0498101E-002
      5.402202     1.0542698E-002     1.0520446E-002
      5.438217     1.0521225E-002     1.0497504E-002
      5.474471     1.0537998E-002     1.0514443E-002
      5.510968     1.0558696E-002     1.0536968E-002
      5.547708     1.0530664E-002     1.0506412E-002
      5.584692     1.0531506E-002     1.0507167E-002
      5.621924     1.0561790E-002     1.0539338E-002
      5.659403     1.0531155E-002     1.0506926E-002
      5.697133     1.0537103E-002     1.0512853E-002
      5.735113     1.0559866E-002     1.0536638E-002
      5.773348     1.0535005E-002     1.0510382E-002
      5.811837     1.0548837E-002     1.0524679E-002
      5.850582     1.0550019E-002     1.0525685E-002
      5.889586     1.0526271E-002     1.0501171E-002
      5.928850     1.0516290E-002     1.0489750E-002
      5.968376     1.0530416E-002     1.0504740E-002
      6.008165     1.0551059E-002     1.0526040E-002
      6.048219     1.0529425E-002     1.0503309E-002
      6.088541     1.0528025E-002     1.0501761E-002
      6.129131     1.0533387E-002     1.0506836E-002
      6.169992     1.0518190E-002     1.0490682E-002
      6.211125     1.0516088E-002     1.0488500E-002
      6.252533     1.0515207E-002     1.0487124E-002
      6.294216     1.0508095E-002     1.0479650E-002
      6.336178     1.0513597E-002     1.0485097E-002
      6.378419     1.0524238E-002     1.0496053E-002
      6.420941     1.0528610E-002     1.0500105E-002
      6.463748     1.0531308E-002     1.0503402E-002
      6.506839     1.0558141E-002     1.0532595E-002
      6.550218     1.0568809E-002     1.0542880E-002
      6.593886     1.0580473E-002     1.0556087E-002
      6.637846     1.0586577E-002     1.0561128E-002
      6.682098     1.0559081E-002     1.0532536E-002
      6.726645     1.0549745E-002     1.0522549E-002
      6.771490     1.0573961E-002     1.0547697E-002
      6.816633     1.0549627E-002     1.0522290E-002
      6.862077     1.0560405E-002     1.0532928E-002
      6.907824     1.0543051E-002     1.0515094E-002
      6.953876     1.0564470E-002     1.0537198E-002
      7.000236     1.0562682E-002     1.0535359E-002
      7.046904     1.0554769E-002     1.0526367E-002
      7.093883     1.0575473E-002     1.0548812E-002
      7.141176     1.0560969E-002     1.0533053E-002
      7.188784     1.0548150E-002     1.0518214E-002
      7.236709     1.0551380E-002     1.0521405E-002
      7.284954     1.0548842E-002     1.0519093E-002
      7.333520     1.0569998E-002     1.0541383E-002
      7.382410     1.0556841E-002     1.0526442E-002
      7.431626     1.0573548E-002     1.0544615E-002
      7.481170     1.0577595E-002     1.0548849E-002
      7.531045     1.0572802E-002     1.0543344E-002
      7.581252     1.0577200E-002     1.0548798E-002
      7.631793     1.0568802E-002     1.0538623E-002
      7.682672     1.0572861E-002     1.0543287E-002
      7.733890     1.0579341E-002     1.0550323E-002
      7.785449     1.0572295E-002     1.0541829E-002
      7.837352     1.0572963E-002     1.0542604E-002
      7.889601     1.0568607E-002     1.0538039E-002
      7.942198     1.0569630E-002     1.0539876E-002
      7.995146     1.0542397E-002     1.0510207E-002
      8.048447     1.0557278E-002     1.0525243E-002
      8.102104     1.0546478E-002     1.0514111E-002
      8.156118     1.0561767E-002     1.0530131E-002
      8.210492     1.0543424E-002     1.0510393E-002
      8.265229     1.0539564E-002     1.0506768E-002
      8.320330     1.0561802E-002     1.0529379E-002
      8.375799     1.0549479E-002     1.0516773E-002
      8.431638     1.0554488E-002     1.0521748E-002
      8.487848     1.0544986E-002     1.0511607E-002
      8.544434     1.0527550E-002     1.0492840E-002
      8.601397     1.0533562E-002     1.0498882E-002
      8.658740     1.0525235E-002     1.0489405E-002
      8.716465     1.0535202E-002     1.0500192E-002
      8.774574     1.0529641E-002     1.0493934E-002
      8.833072     1.0528195E-002     1.0492248E-002
      8.891959     1.0517802E-002     1.0481038E-002
      8.951238     1.0527708E-002     1.0491504E-002
      9.010913     1.0512557E-002     1.0475519E-002
      9.070986     1.0525701E-002     1.0489080E-002
      9.131459     1.0518695E-002     1.0481647E-002
      9.192336     1.0511734E-002     1.0473558E-002
      9.253618     1.0524870E-002     1.0487503E-002
      9.315309     1.0512391E-002     1.0473745E-002
      9.377411     1.0522288E-002     1.0484593E-002
      9.439927     1.0520816E-002     1.0483052E-002
      9.502860     1.0503295E-002     1.0463794E-002
      9.566212     1.0504091E-002     1.0464973E-002
      9.629987     1.0517886E-002     1.0479358E-002
      9.694187     1.0503405E-002     1.0463104E-002
      9.758815     1.0506492E-002     1.0466155E-002
      9.823873     1.0509485E-002     1.0469730E-002
      9.889366     1.0517239E-002     1.0477876E-002
      9.955295     1.0499518E-002     1.0458513E-002
     10.021664     1.0515910E-002     1.0475751E-002
     10.088475     1.0507984E-002     1.0467041E-002
     10.155731     1.0500834E-002     1.0459651E-002
     10.223436     1.0511914E-002     1.0471100E-002
     10.291592     1.0511885E-002     1.0471126E-002
     10.360203     1.0519441E-002     1.0479586E-002
     10.429271     1.0517819E-002     1.0477056E-002
     10.498800     1.0499652E-002     1.0457324E-002
     10.568792     1.0517450E-002     1.0476161E-002
     10.639250     1.0502677E-002     1.0460233E-002
     10.710178     1.0507555E-002     1.0465606E-002
     10.781580     1.0518729E-002     1.0476998E-002
     10.853457     1.0510722E-002     1.0468890E-002
     10.925813     1.0524182E-002     1.0483455E-002
     10.998652     1.0531633E-002     1.0491246E-002
     11.071976     1.0506060E-002     1.0463481E-002
     11.145789     1.0513805E-002     1.0471746E-002
     11.220095     1.0523454E-002     1.0481289E-002
     11.294895     1.0512525E-002     1.0469632E-002
     11.370195     1.0507861E-002     1.0464452E-002
     11.445996     1.0508561E-002     1.0465023E-002
     11.522303     1.0528149E-002     1.0486216E-002
     11.599118     1.0511349E-002     1.0467853E-002
     11.676445     1.0528084E-002     1.0485846E-002
     11.754288     1.0538941E-002     1.0498052E-002
     11.832650     1.0524735E-002     1.0481797E-002
     11.911535     1.0519797E-002     1.0476628E-002
     11.990945     1.0507868E-002     1.0463760E-002
     12.070885     1.0524627E-002     1.0481457E-002
     12.151357     1.0508390E-002     1.0464191E-002
     12.232366     1.0528137E-002     1.0484886E-002
     12.313915     1.0510564E-002     1.0466089E-002
     12.396008     1.0523594E-002     1.0480165E-002
     12.478648     1.0539017E-002     1.0496506E-002
     12.561839     1.0542066E-002     1.0499835E-002
     12.645585     1.0514232E-002     1.0470044E-002
     12.729889     1.0540358E-002     1.0497638E-002
     12.814754     1.0526147E-002     1.0482359E-002
     12.900186     1.0518998E-002     1.0474291E-002
     12.986187     1.0555040E-002     1.0513353E-002
     13.072762     1.0515662E-002     1.0471756E-002
     13.159914     1.0522781E-002     1.0478611E-002
     13.247646     1.0550211E-002     1.0507894E-002
     13.335964     1.0525648E-002     1.0480916E-002
     13.424871     1.0547548E-002     1.0504229E-002
     13.514370     1.0540054E-002     1.0496900E-002
     13.604465     1.0527054E-002     1.0481787E-002
     13.695162     1.0553844E-002     1.0511325E-002
     13.786463     1.0546772E-002     1.0503486E-002
     13.878373     1.0530217E-002     1.0485229E-002
     13.970895     1.0531756E-002     1.0486231E-002
     14.064035     1.0546506E-002     1.0501909E-002
     14.157795     1.0551875E-002     1.0508953E-002
     14.252180     1.0541802E-002     1.0497127E-002
     14.347195     1.0558527E-002     1.0515554E-002
     14.442843     1.0548140E-002     1.0504663E-002
     14.539128     1.0564980E-002     1.0522095E-002
     14.636056     1.0553553E-002     1.0509535E-002
     14.733629     1.0540503E-002     1.0494848E-002
     14.831854     1.0573416E-002     1.0530602E-002
     14.930733     1.0568825E-002     1.0525921E-002
     15.030271     1.0543979E-002     1.0498444E-002
     15.130473     1.0581220E-002     1.0539210E-002
     15.231342     1.0539759E-002     1.0493728E-002
     15.332885     1.0551882E-002     1.0506974E-002
     15.435104     1.0547074E-002     1.0501723E-002
     15.538005     1.0623116E-002     1.0582402E-002
     15.641591     1.0559510E-002     1.0515711E-002
     15.745869     1.0555988E-002     1.0510754E-002
     15.850841     1.0531324E-002     1.0484114E-002
     15.951722     1.0573651E-002     1.0531013E-002
